benchmarks/random/10_1_10000.in, 0, 1.05198, 1.03364, 1.08033, 0.957921, 0.909244, 1.0092, 445, 425,8024.07, 0.0128066
benchmarks/random/10_1_1000.in, 0, 1.01717, 1.00663, 1.04448, 0.95279, 0.904165, 1.00403, 247, 237,1758.54, 0.00399361
benchmarks/random/10_1_100.in, 0, 2.93453, 2.79964, 3.07953, 0.273543, 0.234399, 0.319222, 7406, 3272,122.561, 0.0309667
benchmarks/random/10_1_10.in, 0, 903.5, 351.794, 2322.9, 0, 0, 2.46647, 100000, 3614,12.4956, 0.369827
benchmarks/random/10_2_10000.in, 0, 3.76812, 3.59423, 3.95365, 0.244767, 0.209354, 0.286169, 14366, 4680,793.738, 0.0621739
benchmarks/random/10_2_1000.in, 0, 1.71885, 1.66478, 1.77733, 0.571619, 0.523805, 0.623798, 4058, 2580,909.418, 0.0222485
benchmarks/random/10_2_100.in, 0, 1.69104, 1.63659, 1.75014, 0.539785, 0.492121, 0.592066, 3606, 2359,173.035, 0.0179314
benchmarks/random/10_2_10.in, 0, 1761.5, 483.636, 6422.73, 0, 0, 6.99568, 100000, 3523,12.4528, 0.375163
benchmarks/random/10_3_10000.in, 0, 1, 1, 1.0373, 0.980583, 0.931948, 1.03176, 105, 103,12140.4, 0.00494135
benchmarks/random/10_3_1000.in, 0, 1.22959, 1.20117, 1.26203, 0.795068, 0.746662, 0.846612, 1764, 1446,1138.95, 0.0126808
benchmarks/random/10_3_100.in, 0, 2.07765, 1.9982, 2.16343, 0.438986, 0.391831, 0.491815, 4446, 2622,166.11, 0.0238687
benchmarks/random/10_3_10.in, 0, 863, 153.041, 4888.14, 0, 0, 21.6621, 100000, 863,1.04999, 0.403631
benchmarks/random/11_1_10000.in, 0, 1, 1, 1.034, 0.973451, 0.92484, 1.02462, 114, 113,13459.5, 0.00735899
benchmarks/random/11_1_1000.in, 0, 1.50384, 1.46248, 1.5489, 0.685019, 0.636856, 0.736824, 3420, 2349,812.226, 0.021057
benchmarks/random/11_1_100.in, 0, 191, 34.4166, 1081.3, 0, 0, 21.3188, 100000, 191,17.2805, 0.459006
benchmarks/random/11_1_10.in, 0, 2936, 518.976, 16631.5, 0, 0, 21.7323, 100000, 2936,14.2676, 0.454257
benchmarks/random/11_2_10000.in, 0, 1, 1, 1.034, 0.973451, 0.92484, 1.02462, 116, 113,11998.6, 0.00599881
benchmarks/random/11_2_1000.in, 0, 1.23564, 1.20703, 1.26819, 0.816819, 0.768372, 0.868321, 1757, 1484,1085.59, 0.0120444
benchmarks/random/11_2_100.in, 0, 5.04425, 4.81089, 5.2919, 0.143068, 0.118759, 0.172353, 24188, 6840,125.195, 0.106602
benchmarks/random/11_2_10.in, 0, 608, 108.027, 3443.58, 0, 0, 21.6206, 100000, 608,6.50915, 0.458752
benchmarks/random/11_3_10000.in, 0, 1.0249, 1.01131, 1.05482, 0.970954, 0.922359, 1.02211, 249, 247,12154.6, 0.00539784
benchmarks/random/11_3_1000.in, 0, 605.25, 235.81, 1555.95, 0, 0, 2.46495, 100000, 2421,108.806, 0.436978
benchmarks/random/11_3_100.in, 0, 8.7243, 8.31963, 9.15134, 0.0640854, 0.0500798, 0.0820081, 63984, 13069,98.6314, 0.289117
benchmarks/random/11_3_10.in, 0, 552.545, 308.827, 989.226, 0, 1.67415e-17, 0.624822, 100000, 6078,16.5212, 0.425458
benchmarks/random/12_1_10000.in, 0, 1.00719, 1.00126, 1.04096, 0.978417, 0.930016, 1.02934, 144, 140,17500.6, 0.00556629
benchmarks/random/12_1_1000.in, 0, 38.1304, 33.0772, 43.9798, 0, 0, 0.024067, 100000, 7016,251.658, 0.528064
benchmarks/random/12_1_100.in, 0, 759, 134.682, 4298.99, 0, 5.84091e-17, 21.6485, 100000, 759,74.8455, 0.508374
benchmarks/random/12_1_10.in, 0, 314, 56.1289, 1778.09, 0, 0, 21.4901, 100000, 314,8.42371, 0.514535
benchmarks/random/12_2_10000.in, 0, 1.05011, 1.03306, 1.07594, 0.917211, 0.868579, 0.968567, 511, 482,9888.74, 0.0101268
benchmarks/random/12_2_1000.in, 0, 6.84983, 6.53242, 7.18544, 0.109343, 0.0893301, 0.133838, 46498, 9898,439.379, 0.242805
benchmarks/random/12_2_100.in, 0, 7.61538, 7.26224, 7.98844, 0.082369, 0.065798, 0.103113, 53696, 11187,120.243, 0.282719
benchmarks/random/12_2_10.in, 0, 249.167, 167.643, 370.572, 0, 9.08797e-18, 0.237897, 100000, 5980,17.3797, 0.517506
benchmarks/random/12_3_10000.in, 0, 1, 1, 1.02314, 0.981928, 0.94822, 1.01683, 167, 166,15780, 0.00949183
benchmarks/random/12_3_1000.in, 0, 1.10753, 1.08542, 1.13535, 0.895161, 0.846595, 0.946513, 916, 824,1408.22, 0.00967543
benchmarks/random/12_3_100.in, 0, 3.87331, 3.69457, 4.0639, 0.203187, 0.171933, 0.240122, 13993, 4861,122.47, 0.076885
benchmarks/random/12_3_10.in, 0, 125, 22.7662, 707.416, 0, 3.94931e-17, 21.0919, 100000, 125,1.52327, 0.506798
benchmarks/random/13_1_10000.in, 0, 1, 1, 1.01821, 0.947867, 0.909075, 0.988315, 217, 211,14390.7, 0.01051
benchmarks/random/13_1_1000.in, 0, 1.76005, 1.70359, 1.82105, 0.557641, 0.509911, 0.609838, 4273, 2626,922.686, 0.0349394
benchmarks/random/13_1_100.in, 0, 8.21265, 7.83181, 8.61473, 0.0699865, 0.0551248, 0.0888551, 59305, 12204,136.786, 0.367311
benchmarks/random/13_1_10.in, 0, 940.333, 320.291, 2764.46, 0, 0, 3.75935, 100000, 2821,17.0939, 0.604351
benchmarks/random/13_2_10000.in, 0, 1.033, 1.01775, 1.06135, 0.960396, 0.911783, 1.0116, 331, 313,9970.89, 0.00907893
benchmarks/random/13_2_1000.in, 0, 1.31114, 1.27874, 1.34732, 0.749439, 0.701127, 0.801081, 2246, 1753,1306.65, 0.02105
benchmarks/random/13_2_100.in, 0, 585, 103.967, 3313.29, 0, 0, 21.6151, 100000, 585,47.1486, 0.614631
benchmarks/random/13_2_10.in, 0, 195, 35.1227, 1103.96, 0, 0, 21.3277, 100000, 195,3.58408, 0.606646
benchmarks/random/13_3_10000.in, 0, 1.0516, 1.03339, 1.07973, 0.955774, 0.907169, 1.00698, 441, 428,10187, 0.0100712
benchmarks/random/13_3_1000.in, 0, 1.07143, 1.0519, 1.09831, 0.917857, 0.869243, 0.96919, 630, 600,1800.56, 0.00972492
benchmarks/random/13_3_100.in, 0, 7.70516, 7.34789, 8.08254, 0.0923913, 0.0745551, 0.114494, 56218, 11342,122.603, 0.350838
benchmarks/random/13_3_10.in, 0, 571, 101.496, 3233.98, 0, 0, 21.6115, 100000, 571,12.5136, 0.60296
benchmarks/random/14_1_10000.in, 0, 1.33529, 1.3016, 1.37274, 0.730007, 0.681723, 0.781711, 2347, 1820,5620.21, 0.0263792
benchmarks/random/14_1_1000.in, 0, 139, 25.2375, 786.725, 0, 0, 21.1575, 100000, 139,35.6474, 0.701949
benchmarks/random/14_1_100.in, 0, 6.01206, 5.73361, 6.30689, 0.115603, 0.0946932, 0.14113, 34482, 8477,153.762, 0.250781
benchmarks/random/14_1_10.in, 0, 872, 154.629, 4939.12, 0, 0, 21.6631, 100000, 872,15.0805, 0.699982
benchmarks/random/14_2_10000.in, 0, 1.01639, 1.00553, 1.04859, 0.978142, 0.929479, 1.02935, 189, 186,13028.2, 0.00989895
benchmarks/random/14_2_1000.in, 0, 1.85746, 1.79314, 1.92699, 0.497807, 0.450334, 0.550285, 4503, 2541,1142.36, 0.0432349
benchmarks/random/14_2_100.in, 0, 48.6567, 41.1712, 57.5371, 0, 0, 0.0338798, 100000, 6520,115.075, 0.694965
benchmarks/random/14_2_10.in, 0, 324, 57.8942, 1834.74, 0, 0, 21.4984, 100000, 324,11.9978, 0.707066
benchmarks/random/14_3_10000.in, 0, 1.45473, 1.41486, 1.49844, 0.665295, 0.617198, 0.71714, 3081, 2121,2614.44, 0.0335017
benchmarks/random/14_3_1000.in, 0, 8.06343, 7.68951, 8.45825, 0.074224, 0.0587748, 0.0937341, 71473, 11950,513.925, 0.514603
benchmarks/random/14_3_100.in, 0, 682, 121.09, 3862.79, 0, 0, 21.6358, 100000, 682,73.0341, 0.699119
benchmarks/random/14_3_10.in, 0, 1359, 240.597, 7697.95, 0, 0, 21.6983, 100000, 1359,16.3499, 0.688476
benchmarks/random/15_1_10000.in, 0, 1.03636, 1.0206, 1.06419, 0.954545, 0.905857, 1.00585, 361, 342,11584.3, 0.0168487
benchmarks/random/15_1_1000.in, 0, 2.03642, 1.96237, 2.11616, 0.476329, 0.428947, 0.528945, 5246, 2796,958.091, 0.0533245
benchmarks/random/15_1_100.in, 0, 341.333, 156.808, 744.395, 0, 0, 1.39366, 100000, 2048,96.6344, 0.806071
benchmarks/random/15_1_10.in, 0, 112, 20.4715, 633.772, 0, 7.10247e-17, 21.0167, 100000, 112,8.91695, 0.79753
benchmarks/random/15_2_10000.in, 0, 1.24483, 1.21563, 1.27799, 0.781638, 0.733254, 0.833215, 1914, 1505,6060.63, 0.0293551
benchmarks/random/15_2_1000.in, 0, 1.25987, 1.23021, 1.29336, 0.815956, 0.767497, 0.867474, 1990, 1595,1597.67, 0.0268086
benchmarks/random/15_2_100.in, 0, 56, 10.5869, 316.535, 0, 7.34614e-17, 20.3196, 100000, 56,48.3102, 0.81866
benchmarks/random/15_2_10.in, 0, 135, 24.5314, 764.066, 0, 0, 21.1401, 100000, 135,10.7421, 0.847735
benchmarks/random/15_3_10000.in, 0, 1.14618, 1.12181, 1.17543, 0.885936, 0.837366, 0.937323, 1184, 1035,8029.08, 0.0239544
benchmarks/random/15_3_1000.in, 0, 1.45598, 1.41598, 1.49983, 0.662311, 0.614221, 0.714166, 2930, 2117,1586.97, 0.0378288
benchmarks/random/15_3_100.in, 0, 4.28219, 4.0844, 4.49266, 0.180416, 0.151766, 0.214476, 17511, 5554,169.724, 0.155861
benchmarks/random/15_3_10.in, 0, 410, 73.0752, 2321.92, 0, 0, 21.5531, 100000, 410,15.0989, 0.810904
benchmarks/random/4_1_10000.in, 0, 1.00654, 1.00115, 1.0372, 0.96732, 0.918667, 1.01855, 156, 154,6565.02, 0.00100444
benchmarks/random/4_1_1000.in, 0, 1.04521, 1.02794, 1.07316, 0.954787, 0.906166, 1.00602, 407, 393,948.037, 0.00116851
benchmarks/random/4_1_100.in, 0, 1.15261, 1.12802, 1.18194, 0.863394, 0.814842, 0.914839, 1192, 1080,122.361, 0.00190194
benchmarks/random/4_1_10.in, 0, 466.741, 320.973, 678.914, 0, 0, 0.20689, 100000, 12602,2.30217, 0.0791331
benchmarks/random/4_2_10000.in, 0, 1.02415, 1.01022, 1.0571, 0.985507, 0.936793, 1.03675, 213, 212,3170.5, 0.000963581
benchmarks/random/4_2_1000.in, 0, 1.14013, 1.11624, 1.16894, 0.863229, 0.814677, 0.914673, 1153, 1017,874.502, 0.00176373
benchmarks/random/4_2_100.in, 0, 12.9468, 12.3456, 13.5799, 0, 0, 0.00258074, 73272, 20210,12.1479, 0.0559119
benchmarks/random/4_2_10.in, 0, 6.59373, 6.28821, 6.9169, 0.0139373, 0.00860712, 0.0225683, 25035, 9462,9.12503, 0.0208302
benchmarks/random/4_3_10000.in, 0, 1, 1, 1.03025, 0.992126, 0.956746, 1.02881, 127, 127,8882.68, 0.00100894
benchmarks/random/4_3_1000.in, 0, 1.02724, 1.01307, 1.05676, 0.968872, 0.920256, 1.02006, 266, 264,1099.44, 0.000977664
benchmarks/random/4_3_100.in, 0, 4.90275, 4.67604, 5.14344, 0.0601336, 0.0461987, 0.0782718, 19070, 6604,18.4597, 0.0158051
benchmarks/random/4_3_10.in, 0, 33.5543, 31.1815, 36.1136, 0, 4.22588e-19, 0.00598231, 100000, 23186,4.79508, 0.0798808
benchmarks/random/5_1_10000.in, 0, 1, 1, 1.04221, 0.989011, 0.940351, 1.04019, 91, 91,12032.4, 0.00108721
benchmarks/random/5_1_1000.in, 0, 1.39929, 1.3622, 1.44019, 0.687633, 0.63946, 0.739434, 2722, 1980,368.845, 0.00490207
benchmarks/random/5_1_100.in, 0, 1.2577, 1.22783, 1.29148, 0.771475, 0.723099, 0.823088, 1862, 1552,127.647, 0.00362162
benchmarks/random/5_1_10.in, 0, 10577, 1867.8, 59917.3, 0, 0, 21.7535, 100000, 10577,0.748439, 0.138115
benchmarks/random/5_2_10000.in, 0, 1, 1, 1.01562, 0.995935, 0.977337, 1.01489, 247, 246,11980.2, 0.00143478
benchmarks/random/5_2_1000.in, 0, 1.04665, 1.0284, 1.07662, 0.976676, 0.928087, 1.02781, 375, 359,945.229, 0.0015235
benchmarks/random/5_2_100.in, 0, 4.97855, 4.74829, 5.22296, 0.108728, 0.0883688, 0.133777, 20108, 6731,47.6097, 0.0283279
benchmarks/random/5_2_10.in, 0, 9990, 1764.18, 56592, 0, 0, 21.753, 100000, 9990,1.98182, 0.133658
benchmarks/random/5_3_10000.in, 0, 1, 1, 1.03123, 0.97561, 0.93074, 1.02264, 124, 123,5620.08, 0.00147265
benchmarks/random/5_3_1000.in, 0, 1.01887, 1.008, 1.04451, 0.939623, 0.891101, 0.990786, 275, 270,1085.61, 0.0013968
benchmarks/random/5_3_100.in, 0, 1.29478, 1.26332, 1.33001, 0.772487, 0.724125, 0.824079, 2068, 1713,127.648, 0.00403326
benchmarks/random/5_3_10.in, 0, 9811, 1732.58, 55578, 0, 0, 21.7528, 100000, 9811,3.89639, 0.136396
benchmarks/random/6_1_10000.in, 0, 1, 1, 1.01685, 0.995614, 0.975579, 1.01606, 228, 228,13656.1, 0.00160576
benchmarks/random/6_1_1000.in, 0, 2.51032, 2.3953, 2.63483, 0.32645, 0.281567, 0.378488, 5091, 2553,715.177, 0.0106409
benchmarks/random/6_1_100.in, 0, 1.17194, 1.14642, 1.20191, 0.815217, 0.766758, 0.86674, 1322, 1186,174.092, 0.00331919
benchmarks/random/6_1_10.in, 0, 8.19933, 7.81902, 8.60084, 0.020202, 0.0134993, 0.0302328, 33709, 12176,16.8775, 0.0591865
benchmarks/random/6_2_10000.in, 0, 1, 1, 1.01524, 0.980159, 0.954402, 1.00661, 253, 252,11782.6, 0.00208998
benchmarks/random/6_2_1000.in, 0, 1.00685, 1.0012, 1.03899, 0.972603, 0.923963, 1.0238, 148, 147,1437.77, 0.00183703
benchmarks/random/6_2_100.in, 0, 1.66919, 1.61702, 1.72576, 0.5674, 0.519626, 0.619567, 3556, 2427,124.899, 0.00745968
benchmarks/random/6_2_10.in, 0, 4197, 741.574, 23775, 0, 0, 21.7411, 100000, 4197,2.13586, 0.166049
benchmarks/random/6_3_10000.in, 0, 1, 1, 1.04221, 0.989011, 0.940351, 1.04019, 91, 91,12913.2, 0.00153046
benchmarks/random/6_3_1000.in, 0, 1.70758, 1.65201, 1.76789, 0.53213, 0.484501, 0.584441, 3715, 2365,228.759, 0.00795482
benchmarks/random/6_3_100.in, 0, 3655, 645.897, 20704.6, 0, 0, 21.738, 100000, 3655,10.7675, 0.172094
benchmarks/random/6_3_10.in, 0, 19.9387, 18.852, 21.0915, 0.000863558, 0.000144132, 0.00517395, 100000, 23089,11.2542, 0.164055
benchmarks/random/7_1_10000.in, 0, 1, 1, 1.04221, 0.989011, 0.940351, 1.04019, 91, 91,13277, 0.00201028
benchmarks/random/7_1_1000.in, 0, 1.07612, 1.05609, 1.10331, 0.920415, 0.871782, 0.971762, 660, 622,1101.28, 0.00296967
benchmarks/random/7_1_100.in, 0, 1655, 454.43, 6034.38, 0, 0, 6.99515, 100000, 3310,24.9914, 0.203339
benchmarks/random/7_1_10.in, 0, 522.714, 311.637, 877.22, 0, 0, 0.46024, 100000, 7318,8.32426, 0.211209
benchmarks/random/7_2_10000.in, 0, 1, 1, 1.0373, 0.980583, 0.931948, 1.03176, 103, 103,14627.1, 0.00171249
benchmarks/random/7_2_1000.in, 0, 1.08462, 1.06431, 1.11133, 0.892308, 0.843761, 0.943648, 779, 705,980.361, 0.00354892
benchmarks/random/7_2_100.in, 0, 1.5902, 1.54269, 1.64186, 0.599728, 0.551826, 0.651788, 3387, 2336,141.373, 0.00888162
benchmarks/random/7_2_10.in, 0, 25.7054, 24.0377, 27.4937, 0, 0, 0.00502196, 100000, 21027,12.8407, 0.206779
benchmarks/random/7_3_10000.in, 0, 1.03976, 1.023, 1.06873, 0.966361, 0.917749, 1.01755, 353, 340,5988.4, 0.00282118
benchmarks/random/7_3_1000.in, 0, 1.17641, 1.15065, 1.20658, 0.836257, 0.787783, 0.887715, 1401, 1207,726.648, 0.00467442
benchmarks/random/7_3_100.in, 0, 1.48914, 1.44806, 1.53398, 0.673469, 0.625333, 0.725311, 3012, 2262,145.002, 0.00811851
benchmarks/random/7_3_10.in, 0, 2990, 528.508, 16937.5, 0, 5.7301e-17, 21.7328, 100000, 2990,4.84084, 0.204863
benchmarks/random/8_1_10000.in, 0, 1, 1, 1.04221, 0.989011, 0.940351, 1.04019, 91, 91,15272.9, 0.00231693
benchmarks/random/8_1_1000.in, 0, 1.91749, 1.8484, 1.99222, 0.470588, 0.423248, 0.523224, 4418, 2510,702.732, 0.0152361
benchmarks/random/8_1_100.in, 0, 5.06554, 4.83123, 5.31417, 0.131811, 0.108778, 0.159723, 21772, 6879,117.593, 0.0593597
benchmarks/random/8_1_10.in, 0, 2226, 393.644, 12609.4, 0, 0, 21.7229, 100000, 2226,2.23952, 0.25983
benchmarks/random/8_2_10000.in, 0, 1.0186, 1.00718, 1.04823, 0.967442, 0.918859, 1.01859, 226, 219,8922.24, 0.00285665
benchmarks/random/8_2_1000.in, 0, 1.06517, 1.04567, 1.09301, 0.94501, 0.896349, 0.996313, 558, 523,1251.48, 0.00508205
benchmarks/random/8_2_100.in, 0, 84.1064, 68.8367, 102.813, 0, 0, 0.0499318, 100000, 7906,43.1845, 0.256581
benchmarks/random/8_2_10.in, 0, 857.875, 435.034, 1692.65, 0, 0, 0.946906, 100000, 6863,10.2266, 0.251273
benchmarks/random/8_3_10000.in, 0, 1, 1, 1.04221, 0.989011, 0.940351, 1.04019, 91, 91,13413.5, 0.00255049
benchmarks/random/8_3_1000.in, 0, 1.67784, 1.62533, 1.73475, 0.568399, 0.520601, 0.620586, 3826, 2453,555.848, 0.013146
benchmarks/random/8_3_100.in, 0, 3.64739, 3.47921, 3.82699, 0.193811, 0.163322, 0.229991, 12111, 4479,107.451, 0.0381952
benchmarks/random/8_3_10.in, 0, 483.929, 288.532, 812.111, 0, 0, 0.46021, 100000, 6775,10.6803, 0.249403
benchmarks/random/9_1_10000.in, 0, 1.43114, 1.3925, 1.47359, 0.676817, 0.628675, 0.728645, 2804, 2068,681.147, 0.0119179
benchmarks/random/9_1_1000.in, 0, 7.42555, 7.08132, 7.78925, 0.0696721, 0.0547798, 0.0886131, 51106, 10871,475.145, 0.16413
benchmarks/random/9_1_100.in, 0, 3.74758, 3.57469, 3.93208, 0.241935, 0.20678, 0.283067, 12631, 4647,142.14, 0.0428335
benchmarks/random/9_1_10.in, 0, 1456, 257.72, 8247.44, 0, 0, 21.7025, 100000, 1456,6.8793, 0.300286
benchmarks/random/9_2_10000.in, 0, 1.01399, 1.00381, 1.05141, 0.993007, 0.944521, 1.04398, 145, 145,14390.8, 0.00289142
benchmarks/random/9_2_1000.in, 0, 1.11211, 1.08987, 1.13986, 0.878866, 0.830315, 0.930256, 937, 863,1250.37, 0.00645774
benchmarks/random/9_2_100.in, 0, 12.3932, 11.7972, 13.0221, 0.0262612, 0.0182183, 0.037855, 100000, 17933,88.4068, 0.310064
benchmarks/random/9_2_10.in, 0, 563.727, 315.071, 1009.25, 0, 0, 0.624834, 100000, 6201,13.3042, 0.303491
benchmarks/random/9_3_10000.in, 0, 1.01786, 1.00689, 1.04628, 0.959821, 0.911141, 1.0111, 233, 228,7915.09, 0.00628719
benchmarks/random/9_3_1000.in, 0, 29.3634, 26.516, 32.5285, 0.0028169, 0.000449039, 0.0176709, 100000, 10424,137.942, 0.309619
benchmarks/random/9_3_100.in, 0, 2.82418, 2.69443, 2.96386, 0.299451, 0.257725, 0.347932, 6490, 3084,113.691, 0.0239832
benchmarks/random/9_3_10.in, 0, 2764, 488.614, 15657.2, 0, 0, 21.7304, 100000, 2764,10.5171, 0.299919
benchmarks/cube_10.in, 0, 1.83462, 1.77284, 1.90134, 0.520673, 0.473101, 0.573028, 2618, 2618,31, 0.0134405
benchmarks/cube_10.in, benchmarks/random/4_1_1000.in, 1.43536e+10, 915, 948.037, 0.931128
benchmarks/random/4_1_1000.in, 1.44653e+10, 1.05277, 1.03378, 1.08243, 0.973615, 0.92492, 1.02487, 411, 399,948.037, 0.0408102
